eMin: -1.352506 at state 0 ( [ +0.000000 +0.000000 +0.000000 ] spin 1 )
HOMO: -0.479923 at state 1 ( [ +0.000000 +0.000000 +0.000000 ] spin -1 )
mu  : -0.418234
LUMO: -0.414908 at state 1 ( [ +0.000000 +0.000000 +0.000000 ] spin -1 )
eMax: -0.014330 at state 1 ( [ +0.000000 +0.000000 +0.000000 ] spin -1 )
HOMO-LUMO gap: +0.065016
Optical gap  : +0.065016 at state 1 ( [ +0.000000 +0.000000 +0.000000 ] spin -1 )
