eMin: -1.346540 at state 1 ( [ +0.000000 +0.000000 +0.000000 ] spin -1 )
HOMO: -0.478208 at state 0 ( [ +0.000000 +0.000000 +0.000000 ] spin 1 )
mu  : -0.413362
LUMO: -0.410075 at state 0 ( [ +0.000000 +0.000000 +0.000000 ] spin 1 )
eMax: -0.018923 at state 0 ( [ +0.000000 +0.000000 +0.000000 ] spin 1 )
HOMO-LUMO gap: +0.068133
Optical gap  : +0.068133 at state 0 ( [ +0.000000 +0.000000 +0.000000 ] spin 1 )
