eMin: -1.326314 at state 1 ( [ +0.000000 +0.000000 +0.000000 ] spin -1 )
HOMO: -0.488943 at state 0 ( [ +0.000000 +0.000000 +0.000000 ] spin 1 )
mu  : -0.424945
LUMO: -0.421588 at state 0 ( [ +0.000000 +0.000000 +0.000000 ] spin 1 )
eMax: -0.063895 at state 0 ( [ +0.000000 +0.000000 +0.000000 ] spin 1 )
HOMO-LUMO gap: +0.067355
Optical gap  : +0.067355 at state 0 ( [ +0.000000 +0.000000 +0.000000 ] spin 1 )
