eMin: -1.084968 at state 1 ( [ +0.000000 +0.000000 +0.000000 ] spin -1 )
HOMO: -0.400007 at state 0 ( [ +0.000000 +0.000000 +0.000000 ] spin 1 )
mu  : -0.399979
LUMO: -0.399951 at state 0 ( [ +0.000000 +0.000000 +0.000000 ] spin 1 )
eMax: -0.078916 at state 0 ( [ +0.000000 +0.000000 +0.000000 ] spin 1 )
HOMO-LUMO gap: +0.000056
Optical gap  : +0.000056 at state 0 ( [ +0.000000 +0.000000 +0.000000 ] spin 1 )
