eMin: -1.083817 at state 0 ( [ +0.000000 +0.000000 +0.000000 ] spin 1 )
HOMO: -0.397853 at state 1 ( [ +0.000000 +0.000000 +0.000000 ] spin -1 )
mu  : -0.397557
LUMO: -0.397260 at state 1 ( [ +0.000000 +0.000000 +0.000000 ] spin -1 )
eMax: -0.080039 at state 1 ( [ +0.000000 +0.000000 +0.000000 ] spin -1 )
HOMO-LUMO gap: +0.000593
Optical gap  : +0.000593 at state 1 ( [ +0.000000 +0.000000 +0.000000 ] spin -1 )
