eMin: -1.095797 at state 1 ( [ +0.000000 +0.000000 +0.000000 ] spin -1 )
HOMO: -0.396604 at state 0 ( [ +0.000000 +0.000000 +0.000000 ] spin 1 )
mu  : -0.396271
LUMO: -0.395937 at state 0 ( [ +0.000000 +0.000000 +0.000000 ] spin 1 )
eMax: -0.080292 at state 0 ( [ +0.000000 +0.000000 +0.000000 ] spin 1 )
HOMO-LUMO gap: +0.000667
Optical gap  : +0.000667 at state 0 ( [ +0.000000 +0.000000 +0.000000 ] spin 1 )
