eMin: -1.085968 at state 0 ( [ +0.000000 +0.000000 +0.000000 ] spin 1 )
HOMO: -0.402357 at state 1 ( [ +0.000000 +0.000000 +0.000000 ] spin -1 )
mu  : -0.402090
LUMO: -0.401823 at state 1 ( [ +0.000000 +0.000000 +0.000000 ] spin -1 )
eMax: -0.085704 at state 1 ( [ +0.000000 +0.000000 +0.000000 ] spin -1 )
HOMO-LUMO gap: +0.000533
Optical gap  : +0.000533 at state 1 ( [ +0.000000 +0.000000 +0.000000 ] spin -1 )
