eMin: -1.080891 at state 0 ( [ +0.000000 +0.000000 +0.000000 ] spin 1 )
HOMO: -0.399170 at state 1 ( [ +0.000000 +0.000000 +0.000000 ] spin -1 )
mu  : -0.398686
LUMO: -0.398201 at state 1 ( [ +0.000000 +0.000000 +0.000000 ] spin -1 )
eMax: -0.079772 at state 1 ( [ +0.000000 +0.000000 +0.000000 ] spin -1 )
HOMO-LUMO gap: +0.000969
Optical gap  : +0.000969 at state 1 ( [ +0.000000 +0.000000 +0.000000 ] spin -1 )
