eMin: -1.078375 at state 1 ( [ +0.000000 +0.000000 +0.000000 ] spin -1 )
HOMO: -0.397865 at state 0 ( [ +0.000000 +0.000000 +0.000000 ] spin 1 )
mu  : -0.397275
LUMO: -0.396686 at state 0 ( [ +0.000000 +0.000000 +0.000000 ] spin 1 )
eMax: -0.081483 at state 0 ( [ +0.000000 +0.000000 +0.000000 ] spin 1 )
HOMO-LUMO gap: +0.001179
Optical gap  : +0.001179 at state 0 ( [ +0.000000 +0.000000 +0.000000 ] spin 1 )
