eMin: -1.081614 at state 0 ( [ +0.000000 +0.000000 +0.000000 ] spin 1 )
HOMO: -0.396698 at state 1 ( [ +0.000000 +0.000000 +0.000000 ] spin -1 )
mu  : -0.396269
LUMO: -0.395839 at state 1 ( [ +0.000000 +0.000000 +0.000000 ] spin -1 )
eMax: -0.080093 at state 1 ( [ +0.000000 +0.000000 +0.000000 ] spin -1 )
HOMO-LUMO gap: +0.000859
Optical gap  : +0.000859 at state 1 ( [ +0.000000 +0.000000 +0.000000 ] spin -1 )
