eMin: -1.077347 at state 0 ( [ +0.000000 +0.000000 +0.000000 ] spin 1 )
HOMO: -0.397214 at state 1 ( [ +0.000000 +0.000000 +0.000000 ] spin -1 )
mu  : -0.396992
LUMO: -0.396770 at state 1 ( [ +0.000000 +0.000000 +0.000000 ] spin -1 )
eMax: -0.082307 at state 1 ( [ +0.000000 +0.000000 +0.000000 ] spin -1 )
HOMO-LUMO gap: +0.000445
Optical gap  : +0.000445 at state 1 ( [ +0.000000 +0.000000 +0.000000 ] spin -1 )
