eMin: -1.092312 at state 1 ( [ +0.000000 +0.000000 +0.000000 ] spin -1 )
HOMO: -0.394529 at state 0 ( [ +0.000000 +0.000000 +0.000000 ] spin 1 )
mu  : -0.394163
LUMO: -0.393797 at state 0 ( [ +0.000000 +0.000000 +0.000000 ] spin 1 )
eMax: -0.082053 at state 0 ( [ +0.000000 +0.000000 +0.000000 ] spin 1 )
HOMO-LUMO gap: +0.000731
Optical gap  : +0.000731 at state 0 ( [ +0.000000 +0.000000 +0.000000 ] spin 1 )
