eMin: -1.079263 at state 0 ( [ +0.000000 +0.000000 +0.000000 ] spin 1 )
HOMO: -0.398320 at state 1 ( [ +0.000000 +0.000000 +0.000000 ] spin -1 )
mu  : -0.397772
LUMO: -0.397223 at state 1 ( [ +0.000000 +0.000000 +0.000000 ] spin -1 )
eMax: -0.080175 at state 1 ( [ +0.000000 +0.000000 +0.000000 ] spin -1 )
HOMO-LUMO gap: +0.001097
Optical gap  : +0.001097 at state 1 ( [ +0.000000 +0.000000 +0.000000 ] spin -1 )
