eMin: -1.085886 at state 1 ( [ +0.000000 +0.000000 +0.000000 ] spin -1 )
HOMO: -0.399219 at state 0 ( [ +0.000000 +0.000000 +0.000000 ] spin 1 )
mu  : -0.398981
LUMO: -0.398742 at state 0 ( [ +0.000000 +0.000000 +0.000000 ] spin 1 )
eMax: -0.080110 at state 0 ( [ +0.000000 +0.000000 +0.000000 ] spin 1 )
HOMO-LUMO gap: +0.000477
Optical gap  : +0.000477 at state 0 ( [ +0.000000 +0.000000 +0.000000 ] spin 1 )
