eMin: -1.085089 at state 0 ( [ +0.000000 +0.000000 +0.000000 ] spin 1 )
HOMO: -0.401743 at state 1 ( [ +0.000000 +0.000000 +0.000000 ] spin -1 )
mu  : -0.401643
LUMO: -0.401543 at state 1 ( [ +0.000000 +0.000000 +0.000000 ] spin -1 )
eMax: -0.080914 at state 1 ( [ +0.000000 +0.000000 +0.000000 ] spin -1 )
HOMO-LUMO gap: +0.000200
Optical gap  : +0.000200 at state 1 ( [ +0.000000 +0.000000 +0.000000 ] spin -1 )
