eMin: -1.094703 at state 0 ( [ +0.000000 +0.000000 +0.000000 ] spin 1 )
HOMO: -0.395691 at state 1 ( [ +0.000000 +0.000000 +0.000000 ] spin -1 )
mu  : -0.395329
LUMO: -0.394966 at state 1 ( [ +0.000000 +0.000000 +0.000000 ] spin -1 )
eMax: -0.081323 at state 1 ( [ +0.000000 +0.000000 +0.000000 ] spin -1 )
HOMO-LUMO gap: +0.000725
Optical gap  : +0.000725 at state 1 ( [ +0.000000 +0.000000 +0.000000 ] spin -1 )
