eMin: -1.090887 at state 1 ( [ +0.000000 +0.000000 +0.000000 ] spin -1 )
HOMO: -0.395826 at state 0 ( [ +0.000000 +0.000000 +0.000000 ] spin 1 )
mu  : -0.395651
LUMO: -0.395476 at state 0 ( [ +0.000000 +0.000000 +0.000000 ] spin 1 )
eMax: -0.083825 at state 0 ( [ +0.000000 +0.000000 +0.000000 ] spin 1 )
HOMO-LUMO gap: +0.000350
Optical gap  : +0.000350 at state 0 ( [ +0.000000 +0.000000 +0.000000 ] spin 1 )
