eMin: -1.083402 at state 0 ( [ +0.000000 +0.000000 +0.000000 ] spin 1 )
HOMO: -0.400497 at state 1 ( [ +0.000000 +0.000000 +0.000000 ] spin -1 )
mu  : -0.400135
LUMO: -0.399772 at state 1 ( [ +0.000000 +0.000000 +0.000000 ] spin -1 )
eMax: -0.080472 at state 1 ( [ +0.000000 +0.000000 +0.000000 ] spin -1 )
HOMO-LUMO gap: +0.000725
Optical gap  : +0.000725 at state 1 ( [ +0.000000 +0.000000 +0.000000 ] spin -1 )
