eMin: -1.082313 at state 1 ( [ +0.000000 +0.000000 +0.000000 ] spin -1 )
HOMO: -0.396889 at state 0 ( [ +0.000000 +0.000000 +0.000000 ] spin 1 )
mu  : -0.396562
LUMO: -0.396234 at state 0 ( [ +0.000000 +0.000000 +0.000000 ] spin 1 )
eMax: -0.079950 at state 0 ( [ +0.000000 +0.000000 +0.000000 ] spin 1 )
HOMO-LUMO gap: +0.000655
Optical gap  : +0.000655 at state 0 ( [ +0.000000 +0.000000 +0.000000 ] spin 1 )
