eMin: -1.082865 at state 0 ( [ +0.000000 +0.000000 +0.000000 ] spin 1 )
HOMO: -0.401046 at state 1 ( [ +0.000000 +0.000000 +0.000000 ] spin -1 )
mu  : -0.400437
LUMO: -0.399827 at state 1 ( [ +0.000000 +0.000000 +0.000000 ] spin -1 )
eMax: -0.082661 at state 1 ( [ +0.000000 +0.000000 +0.000000 ] spin -1 )
HOMO-LUMO gap: +0.001219
Optical gap  : +0.001219 at state 1 ( [ +0.000000 +0.000000 +0.000000 ] spin -1 )
