eMin: -1.078485 at state 0 ( [ +0.000000 +0.000000 +0.000000 ] spin 1 )
HOMO: -0.398043 at state 1 ( [ +0.000000 +0.000000 +0.000000 ] spin -1 )
mu  : -0.397697
LUMO: -0.397351 at state 1 ( [ +0.000000 +0.000000 +0.000000 ] spin -1 )
eMax: -0.082204 at state 1 ( [ +0.000000 +0.000000 +0.000000 ] spin -1 )
HOMO-LUMO gap: +0.000692
Optical gap  : +0.000692 at state 1 ( [ +0.000000 +0.000000 +0.000000 ] spin -1 )
