eMin: -1.093370 at state 1 ( [ +0.000000 +0.000000 +0.000000 ] spin -1 )
HOMO: -0.394905 at state 0 ( [ +0.000000 +0.000000 +0.000000 ] spin 1 )
mu  : -0.394536
LUMO: -0.394167 at state 0 ( [ +0.000000 +0.000000 +0.000000 ] spin 1 )
eMax: -0.081484 at state 0 ( [ +0.000000 +0.000000 +0.000000 ] spin 1 )
HOMO-LUMO gap: +0.000738
Optical gap  : +0.000738 at state 0 ( [ +0.000000 +0.000000 +0.000000 ] spin 1 )
