eMin: -0.717133 at state 0 ( [ +0.000000 +0.000000 +0.000000 ] spin 1 )
HOMO: +0.074000 at state 111 ( [ +0.500000 +0.500000 +0.500000 ] spin 1 )
mu  : +0.111873
LUMO: +0.113620 at state 115 ( [ +0.000000 +0.000000 +0.500000 ] spin -1 )
eMax: +0.560607 at state 0 ( [ +0.000000 +0.000000 +0.000000 ] spin 1 )
HOMO-LUMO gap: +0.039619
Optical gap  : +0.060750 at state 114 ( [ +0.000000 +0.000000 +0.333333 ] spin -1 )
